0.000000 0.000000 
0.010000 0.014419 
0.020000 0.047652 
0.030000 0.093942 
0.040000 0.150135 
0.050000 0.213960 
0.060000 0.283606 
0.070000 0.357549 
0.080000 0.434467 
0.090000 0.513185 
0.100000 0.592643 
0.110000 0.671881 
0.120000 0.750019 
0.130000 0.826252 
0.140000 0.899840 
0.150000 0.970107 
0.160000 1.036436 
0.170000 1.098264 
0.180000 1.155087 
0.190000 1.206450 
0.200000 1.251955 
0.210000 1.291255 
0.220000 1.324055 
0.230000 1.350112 
0.240000 1.369235 
0.250000 1.381286 
0.260000 1.386178 
0.270000 1.383874 
0.280000 1.374393 
0.290000 1.357801 
0.300000 1.334220 
0.310000 1.303822 
0.320000 1.266830 
0.330000 1.223520 
0.340000 1.174222 
0.350000 1.119315 
0.360000 1.059232 
0.370000 0.994462 
0.380000 0.925544 
0.390000 0.853076 
0.400000 0.777713 
0.410000 0.700171 
0.420000 0.621232 
0.430000 0.541747 
0.440000 0.462646 
0.450000 0.384952 
0.460000 0.309794 
0.470000 0.238438 
0.480000 0.172328 
0.490000 0.113155 
0.500000 0.062998 
0.510000 0.024612 
0.520000 0.002344 
0.530000 0.006567 
0.540000 0.033979 
0.550000 0.076003 
0.560000 0.128927 
0.570000 0.190234 
0.580000 0.257972 
0.590000 0.330531 
0.600000 0.406520 
0.610000 0.484718 
0.620000 0.564025 
0.630000 0.643448 
0.640000 0.722078 
0.650000 0.799085 
0.660000 0.873706 
0.670000 0.945242 
0.680000 1.013056 
0.690000 1.076565 
0.700000 1.135244 
0.710000 1.188621 
0.720000 1.236277 
0.730000 1.277846 
0.740000 1.313016 
0.750000 1.341524 
0.760000 1.363162 
0.770000 1.377771 
0.780000 1.385245 
0.790000 1.385532 
0.800000 1.378628 
0.810000 1.364584 
0.820000 1.343502 
0.830000 1.315534 
0.840000 1.280885 
0.850000 1.239815 
0.860000 1.192630 
0.870000 1.139695 
0.880000 1.081421 
0.890000 1.018278 
0.900000 0.950787 
0.910000 0.879524 
0.920000 0.805124 
0.930000 0.728280 
0.940000 0.649750 
0.950000 0.570358 
0.960000 0.491006 
0.970000 0.412682 
0.980000 0.336473 
0.990000 0.263593 
1.000000 0.195415 
1.010000 0.133531 
1.020000 0.079856 
1.030000 0.036851 
1.040000 0.008084 
1.050000 0.001492 
1.060000 0.022171 
1.070000 0.059467 
1.080000 0.108800 
1.090000 0.167337 
1.100000 0.232961 
1.110000 0.303955 
1.120000 0.378858 
1.130000 0.456394 
1.140000 0.535421 
1.150000 0.614911 
1.160000 0.693926 
1.170000 0.771608 
1.180000 0.847171 
1.190000 0.919895 
1.200000 0.989118 
1.210000 1.054240 
1.220000 1.114714 
1.230000 1.170050 
1.240000 1.219810 
1.250000 1.263608 
1.260000 1.301114 
1.270000 1.332047 
1.280000 1.356177 
1.290000 1.373331 
1.300000 1.383382 
1.310000 1.386258 
1.320000 1.381939 
1.330000 1.370456 
1.340000 1.351891 
1.350000 1.326380 
1.360000 1.294109 
1.370000 1.255316 
1.380000 1.210293 
1.390000 1.159383 
1.400000 1.102979 
1.410000 1.041531 
1.420000 0.975541 
1.430000 0.905566 
1.440000 0.832218 
1.450000 0.756170 
1.460000 0.678155 
1.470000 0.598973 
1.480000 0.519498 
1.490000 0.440684 
1.500000 0.363582 
1.510000 0.289355 
1.520000 0.219315 
1.530000 0.154964 
1.540000 0.098087 
1.550000 0.050909 
1.560000 0.016485 
1.570000 0.000149 
1.580000 0.012468 
1.590000 0.044476 
1.600000 0.089858 
1.610000 0.145354 
1.620000 0.208643 
1.630000 0.277884 
1.640000 0.351536 
1.650000 0.428261 
1.660000 0.506876 
1.670000 0.586312 
1.680000 0.665600 
1.690000 0.743856 
1.700000 0.820269 
1.710000 0.894093 
1.720000 0.964648 
1.730000 1.031312 
1.740000 1.093518 
1.750000 1.150756 
1.760000 1.202570 
1.770000 1.248555 
1.780000 1.288360 
1.790000 1.321687 
1.800000 1.348289 
1.810000 1.367970 
1.820000 1.380588 
1.830000 1.386052 
1.840000 1.384321 
1.850000 1.375409 
1.860000 1.359380 
1.870000 1.336350 
1.880000 1.306487 
1.890000 1.270011 
1.900000 1.227193 
1.910000 1.178359 
1.920000 1.123883 
1.930000 1.064196 
1.940000 0.999779 
1.950000 0.931170 
1.960000 0.858962 
1.970000 0.783804 
1.980000 0.706408 
1.990000 0.627550 
2.000000 0.548075 
2.010000 0.468908 
2.020000 0.391062 
2.030000 0.315657 
2.040000 0.243949 
2.050000 0.177362 
2.060000 0.117567 
2.070000 0.066603 
2.080000 0.027153 
2.090000 0.003358 
2.100000 0.005185 
2.110000 0.031198 
2.120000 0.072218 
2.130000 0.124377 
2.140000 0.185093 
2.150000 0.252382 
2.160000 0.324610 
2.170000 0.400373 
2.180000 0.478436 
2.190000 0.557693 
2.200000 0.637141 
2.210000 0.715865 
2.220000 0.793030 
2.230000 0.867868 
2.240000 0.939674 
2.250000 1.007806 
2.260000 1.071678 
2.270000 1.130760 
2.280000 1.184575 
2.290000 1.232700 
2.300000 1.274767 
2.310000 1.310456 
2.320000 1.339504 
2.330000 1.361695 
2.340000 1.376868 
2.350000 1.384913 
2.360000 1.385773 
2.370000 1.379441 
2.380000 1.365962 
2.390000 1.345435 
2.400000 1.318009 
2.410000 1.283884 
2.420000 1.243314 
2.430000 1.196604 
2.440000 1.144111 
2.450000 1.086247 
2.460000 1.023473 
2.470000 0.956308 
2.480000 0.885323 
2.490000 0.811148 
2.500000 0.734472 
2.510000 0.656046 
2.520000 0.576691 
2.530000 0.497301 
2.540000 0.418856 
2.550000 0.342437 
2.560000 0.269244 
2.570000 0.200636 
2.580000 0.138186 
2.590000 0.083777 
2.600000 0.039812 
2.610000 0.009730 
2.620000 0.000813 
2.630000 0.019833 
2.640000 0.056011 
2.650000 0.104502 
2.660000 0.162391 
2.670000 0.227518 
2.680000 0.298140 
2.690000 0.372781 
2.700000 0.450150 
2.710000 0.529098 
2.720000 0.608586 
2.730000 0.687672 
2.740000 0.765490 
2.750000 0.841249 
2.760000 0.914223 
2.770000 0.983748 
2.780000 1.049217 
2.790000 1.110080 
2.800000 1.165842 
2.810000 1.216061 
2.820000 1.260347 
2.830000 1.298365 
2.840000 1.329830 
2.850000 1.354510 
2.860000 1.372224 
2.870000 1.382844 
2.880000 1.386293 
2.890000 1.382546 
2.900000 1.371631 
2.910000 1.353626 
2.920000 1.328662 
2.930000 1.296921 
2.940000 1.258638 
2.950000 1.214099 
2.960000 1.163644 
2.970000 1.107662 
2.980000 1.046598 
2.990000 0.980950 
3.000000 0.911270 
3.010000 0.838167 
3.020000 0.762308 
3.030000 0.684421 
3.040000 0.605302 
3.050000 0.525816 
3.060000 0.446912 
3.070000 0.369632 
3.080000 0.295131 
3.090000 0.224705 
3.100000 0.159841 
3.110000 0.102294 
3.120000 0.054247 
3.130000 0.018661 
3.140000 0.000534 
3.150000 0.010634 
3.160000 0.041384 
3.170000 0.085838 
3.180000 0.140623 
3.190000 0.203363 
3.200000 0.272189 
3.210000 0.345541 
3.220000 0.422068 
3.230000 0.500572 
3.240000 0.579979 
3.250000 0.659313 
3.260000 0.737682 
3.270000 0.814269 
3.280000 0.888325 
3.290000 0.959164 
3.300000 1.026159 
3.310000 1.088740 
3.320000 1.146391 
3.330000 1.198652 
3.340000 1.245115 
3.350000 1.285424 
3.360000 1.319277 
3.370000 1.346422 
3.380000 1.366660 
3.390000 1.379845 
3.400000 1.385880 
3.410000 1.384723 
3.420000 1.376381 
3.430000 1.360915 
3.440000 1.338437 
3.450000 1.309111 
3.460000 1.273152 
3.470000 1.230828 
3.480000 1.182460 
3.490000 1.128418 
3.500000 1.069129 
3.510000 1.005070 
3.520000 0.936774 
3.530000 0.864829 
3.540000 0.789881 
3.550000 0.712636 
3.560000 0.633864 
3.570000 0.554405 
3.580000 0.475178 
3.590000 0.397187 
3.600000 0.321544 
3.610000 0.249491 
3.620000 0.182440 
3.630000 0.122035 
3.640000 0.070281 
3.650000 0.029791 
3.660000 0.004523 
3.670000 0.003944 
3.680000 0.028510 
3.690000 0.068504 
3.700000 0.119880 
3.710000 0.179993 
3.720000 0.246823 
3.730000 0.318711 
3.740000 0.394240 
3.750000 0.472162 
3.760000 0.551362 
3.770000 0.630829 
3.780000 0.709643 
3.790000 0.786961 
3.800000 0.862010 
3.810000 0.934082 
3.820000 1.002529 
3.830000 1.066761 
3.840000 1.126242 
3.850000 1.180492 
3.860000 1.229085 
3.870000 1.271647 
3.880000 1.307855 
3.890000 1.337439 
3.900000 1.360183 
3.910000 1.375920 
3.920000 1.384536 
3.930000 1.385968 
3.940000 1.380208 
3.950000 1.367296 
3.960000 1.347325 
3.970000 1.320441 
3.980000 1.286841 
3.990000 1.246774 
4.000000 1.200540 
4.010000 1.148494 
4.020000 1.091041 
4.030000 1.028640 
4.040000 0.961804 
4.050000 0.891101 
4.060000 0.817156 
4.070000 0.740652 
4.080000 0.662337 
4.090000 0.583024 
4.100000 0.503602 
4.110000 0.425044 
4.120000 0.348421 
4.130000 0.274923 
4.140000 0.205897 
4.150000 0.142891 
4.160000 0.087763 
4.170000 0.042860 
4.180000 0.011501 
4.190000 0.000322 
4.200000 0.017601 
4.210000 0.052632 
4.220000 0.100264 
4.230000 0.157491 
4.240000 0.222109 
4.250000 0.292351 
4.260000 0.366721 
4.270000 0.443917 
4.280000 0.522778 
4.290000 0.602259 
4.300000 0.681409 
4.310000 0.759358 
4.320000 0.835309 
4.330000 0.908530 
4.340000 0.978353 
4.350000 1.044166 
4.360000 1.105414 
4.370000 1.161599 
4.380000 1.212274 
4.390000 1.257046 
4.400000 1.295574 
4.410000 1.327570 
4.420000 1.352797 
4.430000 1.371072 
4.440000 1.382260 
4.450000 1.386282 
4.460000 1.383108 
4.470000 1.372762 
4.480000 1.355317 
4.490000 1.330901 
4.500000 1.299692 
4.510000 1.261920 
4.520000 1.217868 
4.530000 1.167870 
4.540000 1.112312 
4.550000 1.051636 
4.560000 0.986333 
4.570000 0.916953 
4.580000 0.844099 
4.590000 0.768433 
4.600000 0.690679 
4.610000 0.611627 
4.620000 0.532137 
4.630000 0.453151 
4.640000 0.375701 
4.650000 0.300933 
4.660000 0.230130 
4.670000 0.164763 
4.680000 0.106561 
4.690000 0.057663 
4.700000 0.020944 
4.710000 0.001117 
4.720000 0.008923 
4.730000 0.038377 
4.740000 0.081884 
4.750000 0.135941 
4.760000 0.198121 
4.770000 0.266524 
4.780000 0.339567 
4.790000 0.415886 
4.800000 0.494274 
4.810000 0.573646 
4.820000 0.653020 
4.830000 0.731496 
4.840000 0.808254 
4.850000 0.882537 
4.860000 0.953656 
4.870000 1.020979 
4.880000 1.083931 
4.890000 1.141992 
4.900000 1.194698 
4.910000 1.241636 
4.920000 1.282447 
4.930000 1.316824 
4.940000 1.344511 
4.950000 1.365306 
4.960000 1.379056 
4.970000 1.385663 
4.980000 1.385079 
4.990000 1.377308 
5.000000 1.362406 
5.010000 1.340481 
5.020000 1.311692 
5.030000 1.276253 
5.040000 1.234425 
5.050000 1.186524 
5.060000 1.132920 
5.070000 1.074031 
5.080000 1.010333 
5.090000 0.942354 
5.100000 0.870677 
5.110000 0.795943 
5.120000 0.718853 
5.130000 0.640173 
5.140000 0.560737 
5.150000 0.481455 
5.160000 0.403327 
5.170000 0.327454 
5.180000 0.255066 
5.190000 0.187559 
5.200000 0.126558 
5.210000 0.074029 
5.220000 0.032523 
5.230000 0.005833 
5.240000 0.002851 
5.250000 0.025919 
5.260000 0.064861 
5.270000 0.115439 
5.280000 0.174936 
5.290000 0.241295 
5.300000 0.312836 
5.310000 0.388122 
5.320000 0.465896 
5.330000 0.545032 
5.340000 0.624513 
5.350000 0.703411 
5.360000 0.780877 
5.370000 0.856134 
5.380000 0.928468 
5.390000 0.997226 
5.400000 1.061813 
5.410000 1.121691 
5.420000 1.176374 
5.430000 1.225432 
5.440000 1.268486 
5.450000 1.305211 
5.460000 1.335331 
5.470000 1.358627 
5.480000 1.374926 
5.490000 1.384112 
5.500000 1.386118 
5.510000 1.380930 
5.520000 1.368584 
5.530000 1.349171 
5.540000 1.322831 
5.550000 1.289757 
5.560000 1.250195 
5.570000 1.204440 
5.580000 1.152843 
5.590000 1.095804 
5.600000 1.033779 
5.610000 0.967276 
5.620000 0.896859 
5.630000 0.823147 
5.640000 0.746821 
5.650000 0.668621 
5.660000 0.589356 
5.670000 0.509908 
5.680000 0.431244 
5.690000 0.354424 
5.700000 0.280631 
5.710000 0.211195 
5.720000 0.147647 
5.730000 0.091813 
5.740000 0.045992 
5.750000 0.013391 
5.760000 0.000044 
5.770000 0.015477 
5.780000 0.049333 
5.790000 0.096086 
5.800000 0.152637 
5.810000 0.216736 
5.820000 0.286588 
5.830000 0.360679 
5.840000 0.437694 
5.850000 0.516462 
5.860000 0.595930 
5.870000 0.675139 
5.880000 0.753214 
5.890000 0.829352 
5.900000 0.902816 
5.910000 0.972932 
5.920000 1.039085 
5.930000 1.100716 
5.940000 1.157322 
5.950000 1.208450 
5.960000 1.253705 
5.970000 1.292742 
5.980000 1.325267 
5.990000 1.351041 
