0.000000 0.000000 
0.010000 0.014417 
0.020000 0.047630 
0.030000 0.093848 
0.040000 0.149877 
0.050000 0.213397 
0.060000 0.282556 
0.070000 0.355791 
0.080000 0.431747 
0.090000 0.509225 
0.100000 0.587157 
0.110000 0.664584 
0.120000 0.740645 
0.130000 0.814569 
0.140000 0.885672 
0.150000 0.953350 
0.160000 1.017078 
0.170000 1.076411 
0.180000 1.130977 
0.190000 1.180484 
0.200000 1.224712 
0.210000 1.263516 
0.220000 1.296826 
0.230000 1.324642 
0.240000 1.347036 
0.250000 1.364152 
0.260000 1.376198 
0.270000 1.383447 
0.280000 1.386236 
0.290000 1.384958 
0.300000 1.380057 
0.310000 1.372026 
0.320000 1.361397 
0.330000 1.348734 
0.340000 1.334624 
0.350000 1.319665 
0.360000 1.304456 
0.370000 1.289583 
0.380000 1.275604 
0.390000 1.263036 
0.400000 1.252340 
0.410000 1.243904 
0.420000 1.238037 
0.430000 1.234951 
0.440000 1.234758 
0.450000 1.237466 
0.460000 1.242976 
0.470000 1.251088 
0.480000 1.261507 
0.490000 1.273853 
0.500000 1.287674 
0.510000 1.302460 
0.520000 1.317657 
0.530000 1.332683 
0.540000 1.346940 
0.550000 1.359828 
0.560000 1.370759 
0.570000 1.379164 
0.580000 1.384508 
0.590000 1.386292 
0.600000 1.384064 
0.610000 1.377424 
0.620000 1.366029 
0.630000 1.349596 
0.640000 1.327908 
0.650000 1.300814 
0.660000 1.268232 
0.670000 1.230151 
0.680000 1.186633 
0.690000 1.137813 
0.700000 1.083899 
0.710000 1.025177 
0.720000 0.962005 
0.730000 0.894821 
0.740000 0.824138 
0.750000 0.750549 
0.760000 0.674728 
0.770000 0.597434 
0.780000 0.519516 
0.790000 0.441919 
0.800000 0.365697 
0.810000 0.292028 
0.820000 0.222247 
0.830000 0.157882 
0.840000 0.100744 
0.850000 0.053072 
0.860000 0.017904 
0.870000 0.000379 
0.880000 0.011245 
0.890000 0.042412 
0.900000 0.087123 
0.910000 0.142001 
0.920000 0.204646 
0.930000 0.273155 
0.940000 0.345933 
0.950000 0.421601 
0.960000 0.498942 
0.970000 0.576872 
0.980000 0.654417 
0.990000 0.730704 
1.000000 0.804951 
1.010000 0.876463 
1.020000 0.944625 
1.030000 1.008903 
1.040000 1.068839 
1.050000 1.124053 
1.060000 1.174243 
1.070000 1.219178 
1.080000 1.258704 
1.090000 1.292741 
1.100000 1.321280 
1.110000 1.344384 
1.120000 1.362187 
1.130000 1.374888 
1.140000 1.382753 
1.150000 1.386110 
1.160000 1.385344 
1.170000 1.380895 
1.180000 1.373247 
1.190000 1.362930 
1.200000 1.350502 
1.210000 1.336549 
1.220000 1.321668 
1.230000 1.306459 
1.240000 1.291508 
1.250000 1.277381 
1.260000 1.264599 
1.270000 1.253631 
1.280000 1.244877 
1.290000 1.238656 
1.300000 1.235194 
1.310000 1.234616 
1.320000 1.236945 
1.330000 1.242094 
1.340000 1.249877 
1.350000 1.260011 
1.360000 1.272127 
1.370000 1.285781 
1.380000 1.300471 
1.390000 1.315647 
1.400000 1.330729 
1.410000 1.345122 
1.420000 1.358225 
1.430000 1.369447 
1.440000 1.378218 
1.450000 1.383996 
1.460000 1.386277 
1.470000 1.384603 
1.480000 1.378567 
1.490000 1.367817 
1.500000 1.352064 
1.510000 1.331081 
1.520000 1.304707 
1.530000 1.272852 
1.540000 1.235496 
1.550000 1.192690 
1.560000 1.144559 
1.570000 1.091304 
1.580000 1.033198 
1.590000 0.970591 
1.600000 0.903909 
1.610000 0.833656 
1.620000 0.760413 
1.630000 0.684846 
1.640000 0.607700 
1.650000 0.529813 
1.660000 0.452115 
1.670000 0.375646 
1.680000 0.301568 
1.690000 0.231190 
1.700000 0.166013 
1.710000 0.107803 
1.720000 0.058730 
1.730000 0.021688 
1.740000 0.001341 
1.750000 0.008405 
1.760000 0.037427 
1.770000 0.080574 
1.780000 0.134261 
1.790000 0.195997 
1.800000 0.263828 
1.810000 0.336125 
1.820000 0.411484 
1.830000 0.488669 
1.840000 0.566579 
1.850000 0.644227 
1.860000 0.720727 
1.870000 0.795286 
1.880000 0.867196 
1.890000 0.935833 
1.900000 1.000651 
1.910000 1.061184 
1.920000 1.117042 
1.930000 1.167910 
1.940000 1.213549 
1.950000 1.253796 
1.960000 1.288561 
1.970000 1.317824 
1.980000 1.341640 
1.990000 1.360133 
2.000000 1.373494 
2.010000 1.381980 
2.020000 1.385912 
2.030000 1.385667 
2.040000 1.381677 
2.050000 1.374422 
2.060000 1.364426 
2.070000 1.352244 
2.080000 1.338459 
2.090000 1.323666 
2.100000 1.308465 
2.110000 1.293448 
2.120000 1.279181 
2.130000 1.266193 
2.140000 1.254961 
2.150000 1.245894 
2.160000 1.239324 
2.170000 1.235488 
2.180000 1.234526 
2.190000 1.236473 
2.200000 1.241258 
2.210000 1.248707 
2.220000 1.258550 
2.230000 1.270428 
2.240000 1.283906 
2.250000 1.298490 
2.260000 1.313634 
2.270000 1.328763 
2.280000 1.343282 
2.290000 1.356589 
2.300000 1.368093 
2.310000 1.377220 
2.320000 1.383422 
2.330000 1.386193 
2.340000 1.385066 
2.350000 1.379627 
2.360000 1.369518 
2.370000 1.354441 
2.380000 1.334159 
2.390000 1.308504 
2.400000 1.277376 
2.410000 1.240745 
2.420000 1.198653 
2.430000 1.151216 
2.440000 1.098624 
2.450000 1.041140 
2.460000 0.979105 
2.470000 0.912934 
2.480000 0.843121 
2.490000 0.770237 
2.500000 0.694936 
2.510000 0.617953 
2.520000 0.540112 
2.530000 0.462332 
2.540000 0.385638 
2.550000 0.311172 
2.560000 0.240224 
2.570000 0.174265 
2.580000 0.115022 
2.590000 0.064597 
2.600000 0.025756 
2.610000 0.002789 
2.620000 0.005918 
2.630000 0.032685 
2.640000 0.074207 
2.650000 0.126660 
2.660000 0.187454 
2.670000 0.254579 
2.680000 0.326371 
2.690000 0.401399 
2.700000 0.478409 
2.710000 0.556282 
2.720000 0.634017 
2.730000 0.710716 
2.740000 0.785574 
2.750000 0.857871 
2.760000 0.926974 
2.770000 0.992325 
2.780000 1.053448 
2.790000 1.109943 
2.800000 1.161485 
2.810000 1.207827 
2.820000 1.248793 
2.830000 1.284284 
2.840000 1.314272 
2.850000 1.338802 
2.860000 1.357989 
2.870000 1.372014 
2.880000 1.381128 
2.890000 1.385641 
2.900000 1.385924 
2.910000 1.382402 
2.920000 1.375550 
2.930000 1.365884 
2.940000 1.353958 
2.950000 1.340351 
2.960000 1.325656 
2.970000 1.310476 
2.980000 1.295401 
2.990000 1.281003 
3.000000 1.267817 
3.010000 1.256328 
3.020000 1.246955 
3.030000 1.240039 
3.040000 1.235832 
3.050000 1.234486 
3.060000 1.236050 
3.070000 1.240468 
3.080000 1.247579 
3.090000 1.257124 
3.100000 1.268757 
3.110000 1.282051 
3.120000 1.296519 
3.130000 1.311622 
3.140000 1.326787 
3.150000 1.341420 
3.160000 1.354922 
3.170000 1.366698 
3.180000 1.376170 
3.190000 1.382789 
3.200000 1.386040 
3.210000 1.385453 
3.220000 1.380606 
3.230000 1.371133 
3.240000 1.356727 
3.250000 1.337143 
3.260000 1.312206 
3.270000 1.281804 
3.280000 1.245899 
3.290000 1.204523 
3.300000 1.157783 
3.310000 1.105859 
3.320000 1.049003 
3.330000 0.987547 
3.340000 0.921896 
3.350000 0.852533 
3.360000 0.780019 
3.370000 0.704997 
3.380000 0.628191 
3.390000 0.550412 
3.400000 0.472568 
3.410000 0.395668 
3.420000 0.320837 
3.430000 0.249344 
3.440000 0.182634 
3.450000 0.122393 
3.460000 0.070663 
3.470000 0.030096 
3.480000 0.004668 
3.490000 0.003809 
3.500000 0.028197 
3.510000 0.068029 
3.520000 0.119204 
3.530000 0.179020 
3.540000 0.245410 
3.550000 0.316672 
3.560000 0.391349 
3.570000 0.468163 
3.580000 0.545982 
3.590000 0.623789 
3.600000 0.700673 
3.610000 0.775817 
3.620000 0.848491 
3.630000 0.918049 
3.640000 0.983924 
3.650000 1.045631 
3.660000 1.102757 
3.670000 1.154970 
3.680000 1.202010 
3.690000 1.243694 
3.700000 1.279911 
3.710000 1.310625 
3.720000 1.335871 
3.730000 1.355754 
3.740000 1.370449 
3.750000 1.380195 
3.760000 1.385296 
3.770000 1.386114 
3.780000 1.383069 
3.790000 1.376628 
3.800000 1.367303 
3.810000 1.355643 
3.820000 1.342224 
3.830000 1.327638 
3.840000 1.312488 
3.850000 1.297366 
3.860000 1.282847 
3.870000 1.269472 
3.880000 1.257733 
3.890000 1.248059 
3.900000 1.240802 
3.910000 1.236226 
3.920000 1.234497 
3.930000 1.235677 
3.940000 1.239726 
3.950000 1.246493 
3.960000 1.255735 
3.970000 1.267115 
3.980000 1.280217 
3.990000 1.294559 
4.000000 1.309611 
4.010000 1.324801 
4.020000 1.339539 
4.030000 1.353225 
4.040000 1.365262 
4.050000 1.375071 
4.060000 1.382097 
4.070000 1.385821 
4.080000 1.385766 
4.090000 1.381504 
4.100000 1.372661 
4.110000 1.358922 
4.120000 1.340034 
4.130000 1.315811 
4.140000 1.286135 
4.150000 1.250957 
4.160000 1.210300 
4.170000 1.164260 
4.180000 1.113007 
4.190000 1.056786 
4.200000 0.995915 
4.210000 0.930792 
4.220000 0.861889 
4.230000 0.789757 
4.240000 0.715026 
4.250000 0.638411 
4.260000 0.560712 
4.270000 0.482821 
4.280000 0.405733 
4.290000 0.330560 
4.300000 0.258548 
4.310000 0.191115 
4.320000 0.129912 
4.330000 0.076923 
4.340000 0.034695 
4.350000 0.006943 
4.360000 0.002110 
4.370000 0.023972 
4.380000 0.062048 
4.390000 0.111898 
4.400000 0.170701 
4.410000 0.236327 
4.420000 0.307033 
4.430000 0.381335 
4.440000 0.457935 
4.450000 0.535681 
4.460000 0.613544 
4.470000 0.690599 
4.480000 0.766017 
4.490000 0.839056 
4.500000 0.909060 
4.510000 0.975451 
4.520000 1.037734 
4.530000 1.095486 
4.540000 1.148364 
4.550000 1.196099 
4.560000 1.238499 
4.570000 1.275442 
4.580000 1.306883 
4.590000 1.332846 
4.600000 1.353430 
4.610000 1.368797 
4.620000 1.379181 
4.630000 1.384876 
4.640000 1.386237 
4.650000 1.383676 
4.660000 1.377655 
4.670000 1.368681 
4.680000 1.357297 
4.690000 1.344076 
4.700000 1.329610 
4.710000 1.314500 
4.720000 1.299341 
4.730000 1.284710 
4.740000 1.271155 
4.750000 1.259174 
4.760000 1.249205 
4.770000 1.241612 
4.780000 1.236670 
4.790000 1.234558 
4.800000 1.235355 
4.810000 1.239031 
4.820000 1.245451 
4.830000 1.254384 
4.840000 1.265503 
4.850000 1.278404 
4.860000 1.292612 
4.870000 1.307602 
4.880000 1.322807 
4.890000 1.337639 
4.900000 1.351498 
4.910000 1.363787 
4.920000 1.373923 
4.930000 1.381347 
4.940000 1.385536 
4.950000 1.386006 
4.960000 1.382322 
4.970000 1.374104 
4.980000 1.361027 
4.990000 1.342832 
5.000000 1.319322 
5.010000 1.290371 
5.020000 1.255919 
5.030000 1.215982 
5.040000 1.170645 
5.050000 1.120068 
5.060000 1.064487 
5.070000 1.004210 
5.080000 0.939623 
5.090000 0.871189 
5.100000 0.799449 
5.110000 0.725023 
5.120000 0.648613 
5.130000 0.571007 
5.140000 0.493087 
5.150000 0.415832 
5.160000 0.340338 
5.170000 0.267831 
5.180000 0.199705 
5.190000 0.137573 
5.200000 0.083369 
5.210000 0.039542 
5.220000 0.009585 
5.230000 0.000864 
5.240000 0.020025 
5.250000 0.056271 
5.260000 0.104747 
5.270000 0.162501 
5.280000 0.227332 
5.290000 0.297456 
5.300000 0.371361 
5.310000 0.447727 
5.320000 0.525383 
5.330000 0.603286 
5.340000 0.680497 
5.350000 0.756175 
5.360000 0.829568 
5.370000 0.900007 
5.380000 0.966906 
5.390000 1.029757 
5.400000 1.088129 
5.410000 1.141668 
5.420000 1.190096 
5.430000 1.233209 
5.440000 1.270877 
5.450000 1.303044 
5.460000 1.329728 
5.470000 1.351014 
5.480000 1.367059 
5.490000 1.378085 
5.500000 1.384380 
5.510000 1.386292 
5.520000 1.384223 
5.530000 1.378631 
5.540000 1.370017 
5.550000 1.358919 
5.560000 1.345907 
5.570000 1.331571 
5.580000 1.316512 
5.590000 1.301325 
5.600000 1.286593 
5.610000 1.272866 
5.620000 1.260650 
5.630000 1.250393 
5.640000 1.242468 
5.650000 1.237163 
5.660000 1.234671 
5.670000 1.235083 
5.680000 1.238384 
5.690000 1.244453 
5.700000 1.253071 
5.710000 1.263923 
5.720000 1.276614 
5.730000 1.290678 
5.740000 1.305597 
5.750000 1.320807 
5.760000 1.335723 
5.770000 1.349745 
5.780000 1.362275 
5.790000 1.372728 
5.800000 1.380541 
5.810000 1.385186 
5.820000 1.386173 
5.830000 1.383061 
5.840000 1.375462 
5.850000 1.363043 
5.860000 1.345537 
5.870000 1.322738 
5.880000 1.294510 
5.890000 1.260786 
5.900000 1.221570 
5.910000 1.176939 
5.920000 1.127043 
5.930000 1.072106 
5.940000 1.012429 
5.950000 0.948387 
5.960000 0.880432 
5.970000 0.809095 
5.980000 0.734984 
5.990000 0.658793 
