0 0.016146 0.005469
0.05 0.106780 0.007879
0.1 0.354219 0.009737
0.15 0.645710 0.010728
0.2 0.843748 0.010157
0.25 0.907120 0.009534
0.3 0.881998 0.010435
0.35 0.688707 0.009315
0.4 0.428944 0.008929
0.45 0.165131 0.008981
0.5 0.018067 0.006810
0.55 0.029504 0.006070
0.6 0.202471 0.009201
0.65 0.513000 0.010090
0.7 0.788786 0.010515
0.75 0.893474 0.010320
0.8 0.942778 0.011009
0.85 0.859077 0.011361
0.9 0.638088 0.010057
0.95 0.385028 0.008106
1 0.111496 0.007038
1.05 0.027558 0.006927
1.1 0.157517 0.008977
1.15 0.405070 0.010620
1.2 0.676342 0.009584
1.25 0.837283 0.010906
1.3 0.936856 0.011895
1.35 0.882939 0.011555
1.4 0.684401 0.010414
1.45 0.422647 0.010908
1.5 0.203459 0.009798
1.55 0.022769 0.005048
1.6 0.070009 0.007169
1.65 0.285439 0.009932
1.7 0.580126 0.010721
1.75 0.748151 0.011230
1.8 0.902924 0.011235
1.85 0.938543 0.010296
1.9 0.833801 0.011920
1.95 0.630812 0.010884
