0 0.0011558 +/- 0.007393
0.05 0.168344 +/- 0.01313
0.1 0.531848 +/- 0.01669
0.15 0.893888 +/- 0.05095
0.2 1.17146 +/- 0.04441
0.25 1.21279 +/- 0.0426
0.3 1.26146 +/- 0.03941
0.35 1.18717 +/- 0.00493
0.4 1.13512 +/- 0.02626
0.45 1.20336 +/- 0.009298
0.5 1.16051 +/- 0.0413
0.55 1.33782 +/- 0.01968
0.6 1.27704 +/- 0.02411
0.65 1.2048 +/- 0.02271
0.7 0.917186 +/- 0.01696
0.75 0.58338 +/- 0.03484
0.8 0.283428 +/- 0.02937
0.85 0.00809383 +/- 0.002173
0.9 0.0326198 +/- 0.01389
0.95 0.31242 +/- 0.03617
1 0.719281 +/- 0.0286
1.05 1.02791 +/- 0.02591
1.1 1.19667 +/- 0.03119
1.15 1.32984 +/- 0.0276
1.2 1.25633 +/- 0.01895
1.25 1.13924 +/- 0.009157
1.3 1.0393 +/- 0.008502
1.35 1.17272 +/- 0.01436
1.4 1.18034 +/- 0.05901
1.45 1.31298 +/- 0.02793
1.5 1.33662 +/- 0.03679
1.55 1.13914 +/- 0.05151
1.6 0.802345 +/- 0.0303
1.65 0.471192 +/- 0.01257
1.7 0.0751461 +/- 0.01303
1.75 0.0285185 +/- 0.01075
1.8 0.151489 +/- 0.0009027
1.85 0.416274 +/- 0.02173
1.9 0.827181 +/- 0.006339
1.95 1.12418 +/- 0.01154
