0 -0.00294758 +/- 0.006098
0.05 0.0807502 +/- 0.01406
0.1 0.336272 +/- 0.04003
0.15 0.647767 +/- 0.02304
0.2 0.827056 +/- 0.02606
0.25 0.904801 +/- 0.01818
0.3 0.888236 +/- 0.01062
0.35 0.692032 +/- 0.02663
0.4 0.431611 +/- 0.02853
0.45 0.17257 +/- 0.0152
0.5 -0.000579862 +/- 0.005647
0.55 0.00832424 +/- 0.01036
0.6 0.167112 +/- 0.02518
0.65 0.520755 +/- 0.01758
0.7 0.80471 +/- 0.004422
0.75 0.886453 +/- 0.01696
0.8 0.990738 +/- 0.02998
0.85 0.865579 +/- 0.01315
0.9 0.642349 +/- 0.02059
0.95 0.393421 +/- 0.006421
1 0.100309 +/- 0.01081
1.05 0.00238206 +/- 0.01696
1.1 0.14093 +/- 0.01886
1.15 0.406974 +/- 0.02238
1.2 0.690903 +/- 0.01777
1.25 0.837134 +/- 0.01036
1.3 0.936806 +/- 0.009388
1.35 0.896375 +/- 0.006158
1.4 0.721535 +/- 0.02181
1.45 0.422123 +/- 0.01558
1.5 0.213639 +/- 0.02445
1.55 0.00226466 +/- 0.00475
1.6 0.0505858 +/- 0.009733
1.65 0.279224 +/- 0.01332
1.7 0.576442 +/- 0.01184
1.75 0.725006 +/- 0.02812
1.8 0.902694 +/- 0.002749
1.85 0.954041 +/- 0.005797
1.9 0.881384 +/- 0.05464
1.95 0.643416 +/- 0.02052
